562.42635
562.58774
562.58777
562.58779
562.58778
562.58780
562.58781
562.58782
562.58783
562.58784
562.58785
562.58786
562.58770
562.58787
562.58788
562.58771
562.58789
562.58791
562.58790
562.58792
562.144150
562.7579
562.7730
562.7790
562.7567
562.7783
562.7643
562.7682
562.7737
562.7759
562.7769
562.7719
562.7694
562.7717
562.7763
562.7727
562.7570
562.7789
562.7667
562.7577
562.7701
562.7618
562.7648
562.7735
562.7646
562.7669
562.7683
562.7637
562.7642
562.7634
562.7741
562.7658
562.7689
562.7721
562.7670
562.7617
562.7765
562.7659
562.7731
562.7700
562.7582
562.7781
562.7636
562.7645
562.7622
562.7780
562.7655
562.7575
562.7688
562.7657
562.7624
562.7728
562.7665
562.7785
562.7649
562.7732
562.7766
562.7661
562.7687
562.7723
562.7739
562.7705
562.7750
562.7704
562.7583
562.7673
562.7679
562.7653
562.7792
562.7684
562.7581
562.7641
562.7697
562.7571
562.7692
562.7584
562.7752
562.7565
562.7644
562.7668
562.7672
562.7743
562.7664
562.7754
562.7778
562.7776
562.7760
562.7773
562.7757
562.7758
562.7726
562.7627
562.7733
562.7745
562.7779
562.7663
562.7654
562.7621
562.7777
562.7620
562.7761
562.7714
562.7685
562.7680
562.7712
562.7662
562.7782
562.7677
562.7791
562.7631
562.7690
562.7771
562.7629
562.7695
562.7625
562.7656
562.7749
562.7572
562.7628
562.7580
562.7762
562.7725
562.7703
562.7722
562.7693
562.7578
562.7747
562.7774
562.7767
562.7576
562.7706
562.7696
562.7698
562.7709
562.7707
562.7573
562.7710
562.7650
562.7660
562.7742
562.7568
562.7753
562.7635
562.7640
562.7566
562.7632
562.7638
562.7788
562.7713
562.7666
562.7746
562.7708
562.7686
562.7652
562.7729
562.7691
562.7784
562.7756
562.7623
562.7736
562.7724
562.7770
562.42755
562.58773
562.58775
562.58776
562.58769
562.58772
562.7619
562.7755
562.7720
562.7772
562.7671
562.7633
562.7786
562.7647
562.7793
562.7738
562.7740
562.7639
562.7744
562.7775
562.7674
562.7718
562.7702
562.7734
562.7681
562.7678
562.7626
562.100420
562.100771
562.100775
562.100774
562.100115
562.100117
562.100424
562.100425
562.100426
562.100776
562.100780
562.100781
562.100432
562.100434
562.100783
562.100787
562.100786
562.100789
562.100436
562.100437
562.100439
562.100790
562.100795
562.100794
562.100797
562.100440
562.100445
562.100447
562.100801
562.100803
562.100449
562.100452
562.100454
562.100453
562.100807
562.100809
562.100810
562.100457
562.100459
562.100814
562.100818
562.100463
562.100462
562.100466
562.100468
562.100471
562.98024
562.98141
562.98272
562.100474
562.100476
562.100475
562.98023
562.98136
562.98254
562.100319
562.100329
562.100336
562.97999
562.98133
562.98255
562.100366
562.100371
562.100372
562.98002
562.98138
562.100374
562.100377
562.98003
562.98140
562.98245
562.100321
562.100323
562.100324
562.97989
562.98122
562.98246
562.100320
562.100326
562.100327
562.97970
562.98125
562.98248
562.100331
562.100334
562.100333
562.97991
562.98116
562.98249
562.100338
562.100339
562.100340
562.97993
562.98128
562.98386
562.100341
562.100342
562.100343
562.97997
562.98252
562.98384
562.100346
562.100345
562.100348
562.98120
562.98251
562.98388
562.100355
562.100356
562.100364
562.98000
562.98131
562.98257
562.98394
562.98387
562.98390
562.98529
562.98704
562.98886
562.98887
562.99098
562.98392
562.98534
562.98535
562.98706
562.98889
562.98888
562.99071
562.98338
562.98536
562.98549
562.98710
562.98875
562.98878
562.99089
562.98385
562.98480
562.98523
562.98700
562.98891
562.98893
562.99088
562.98340
562.98481
562.98537
562.98702
562.98894
562.98892
562.99078
562.98405
562.98550
562.98539
562.98713
562.98908
562.98868
562.99072
562.98341
562.98526
562.98521
562.98694
562.98871
562.99063
562.99062
562.97984
562.98342
562.98525
562.98528
562.98657
562.98876
562.99066
562.99070
562.97971
562.98343
562.98517
562.98709
562.98703
562.98877
562.99069
562.99064
562.97992
562.98400
562.98522
562.98708
562.98879
562.99095
562.99094
562.97994
562.98365
562.98530
562.98707
562.98658
562.98885
562.99074
562.97995
562.98383
562.98518
562.98705
562.98701
562.98881
562.99091
562.97996
562.98884
562.99093
562.99545
562.99805
562.100633
562.100071
562.100072
562.98882
562.99302
562.99547
562.99803
562.100363
562.100641
562.100029
562.98883
562.99303
562.99811
562.100365
562.100643
562.100080
562.100079
562.98890
562.99549
562.99799
562.100373
562.100624
562.100043
562.100051
562.98880
562.99299
562.99556
562.99808
562.100368
562.100645
562.100085
562.100087
562.98895
562.99306
562.99552
562.99810
562.100376
562.100646
562.100089
562.100088
562.98905
562.99301
562.100090
562.100316
562.100626
562.100038
562.100039
562.98872
562.99295
562.99794
562.100042
562.100318
562.100627
562.100045
562.99068
562.99796
562.100047
562.100330
562.100628
562.100049
562.99798
562.100052
562.100335
562.100054
562.100058
562.100060
562.99087
562.99543
562.99801
562.100059
562.100629
562.100056
562.100027
562.100061
562.99076
562.99541
562.99804
562.100063
562.100630
562.100065
562.100066
562.100070
562.100067
562.100069
562.100351
562.100635
562.100632
562.100068
562.100073
562.100075
562.100357
562.100358
562.100639
562.100076
562.100077
562.100078
562.100360
562.100642
562.100644
562.100082
562.100083
562.100367
562.100574
562.100931
562.100903
562.100246
562.100248
562.100249
562.100601
562.100918
562.100925
562.100926
562.100257
562.100256
562.100254
562.100602
562.100929
562.100933
562.100260
562.100259
562.100262
562.100935
562.100934
562.100234
562.100235
562.100236
562.100578
562.100904
562.100905
562.100237
562.100238
562.100239
562.100577
562.100906
562.100908
562.100242
562.100241
562.100240
562.100576
562.100909
562.100913
562.100245
562.100247
562.100575
562.100915
562.100916
562.100243
562.98062
562.98310
562.98439
562.98584
562.98785
562.98996
562.98072
562.98201
562.98429
562.98581
562.98791
562.98997
562.98071
562.98315
562.98431
562.98430
562.98582
562.98788
562.98988
562.98198
562.98318
562.98441
562.98580
562.98590
562.98767
562.98982
562.98059
562.98178
562.98314
562.98446
562.98583
562.98585
562.98786
562.98992
562.98188
562.98316
562.98433
562.98593
562.98591
562.98798
562.98999
562.98056
562.98192
562.98347
562.98445
562.98587
562.98776
562.98981
562.98052
562.98169
562.98296
562.98419
562.98567
562.98770
562.98772
562.98983
562.98051
562.98174
562.98302
562.98577
562.98774
562.98768
562.98985
562.98048
562.98180
562.98305
562.98428
562.98579
562.98769
562.98984
562.98050
562.98181
562.98313
562.98426
562.98572
562.98775
562.98986
562.98070
562.98176
562.98309
562.98425
562.98574
562.98789
562.98994
562.98993
562.99208
562.99207
562.99686
562.99919
562.100251
562.100580
562.99213
562.99211
562.99690
562.99925
562.99921
562.100253
562.100583
562.99210
562.99214
562.99694
562.99923
562.99922
562.100255
562.100586
562.99219
562.99220
562.99699
562.99807
562.99817
562.100037
562.100328
562.99077
562.99097
562.99555
562.99809
562.99812
562.100084
562.100370
562.99090
562.99550
562.99813
562.99814
562.100086
562.100378
562.99082
562.99309
562.99551
562.99793
562.100036
562.100322
562.99073
562.99533
562.100041
562.100040
562.100325
562.99067
562.99529
562.99797
562.100046
562.100048
562.100332
562.99065
562.99537
562.99540
562.100053
562.100055
562.100337
562.99096
562.99542
562.99539
562.99802
562.100057
562.99092
562.99546
562.99544
562.99806
562.100064
562.100347
562.100349
562.100631
562.100634
562.98121
562.98250
562.98398
562.98397
562.100359
562.100636
562.100637
562.98119
562.98258
562.98393
562.98389
562.100361
562.100640
562.97998
562.98132
562.98259
562.98391
562.100369
562.100617
562.98001
562.98137
562.98253
562.100585
562.100930
562.98126
562.98177
562.98308
562.98442
562.100923
562.100928
562.98065
562.98196
562.98319
562.98438
562.100927
562.100932
562.98057
562.98189
562.98324
562.98436
562.100936
562.100937
562.98039
562.98172
562.98299
562.98418
562.100902
562.100907
562.98053
562.98170
562.98300
562.98421
562.99431
562.100910
562.98054
562.98173
562.98303
562.98420
562.100911
562.100912
562.98047
562.98182
562.98312
562.98424
562.100914
562.100919
562.98061
562.98179
562.98427
562.98423
562.99688
562.99679
562.98058
562.98185
562.98311
562.99685
562.99689
562.98063
562.98184
562.99692
562.99695
562.98064
562.98199
562.99697
562.99698
562.98075
562.98200
562.98317
562.99450
562.98049
562.98175
562.98306
562.99437
562.99691
562.99700
562.98066
562.98191
562.99702
562.98067
562.98323
562.98595
562.99704
562.98037
562.98298
562.98570
562.99677
562.99678
562.99670
562.98044
562.98297
562.98569
562.99671
562.98171
562.98304
562.98571
562.99683
562.99682
562.99687
562.98183
562.98307
562.98578
562.98576
562.98575
562.98987
562.99206
562.99440
562.99918
562.100244
562.100579
562.100921
562.98573
562.98998
562.99443
562.99920
562.100250
562.100581
562.100920
562.98991
562.99212
562.99924
562.100252
562.100582
562.100922
562.98790
562.98989
562.99221
562.99696
562.99926
562.100258
562.100588
562.100924
562.98787
562.98990
562.99248
562.99726
562.99927
562.100263
562.100587
562.100948
562.98822
562.99722
562.100277
562.100598
562.100599
562.100962
562.99480
562.99723
562.100279
562.100597
562.100596
562.100964
562.98831
562.99010
562.99491
562.99705
562.100584
562.100938
562.100940
562.98794
562.99001
562.99707
562.100266
562.100589
562.100942
562.100943
562.98804
562.99216
562.99933
562.100267
562.100591
562.100945
562.100946
562.98816
562.99215
562.99936
562.100270
562.100590
562.100949
562.99941
562.99015
562.99217
562.99939
562.100273
562.100950
562.99942
562.99943
562.98613
562.98212
562.98458
562.99951
562.98459
562.98623
562.98217
562.98461
562.99953
562.99954
562.99958
562.98467
562.98624
562.98218
562.98473
562.99959
562.99960
562.99961
562.98474
562.98622
562.98202
562.98637
562.99963
562.99965
562.98455
562.98479
562.98596
562.98187
562.98610
562.99947
562.99955
562.98470
562.98638
562.98636
562.98331
562.99967
562.99966
562.98477
562.98632
562.98620
562.98077
562.98332
562.98630
562.99971
562.98432
562.98589
562.98592
562.98074
562.98320
562.98599
562.99929
562.98437
562.98600
562.98069
562.98321
562.99930
562.99931
562.98444
562.98073
562.98328
562.99934
562.99935
562.98450
562.98611
562.98068
562.98453
562.98812
562.99940
562.99938
562.98457
562.98612
562.98076
562.98463
562.98809
562.99944
562.100953
562.98221
562.98335
562.98462
562.98609
562.99004
562.99950
562.100954
562.98216
562.98334
562.98454
562.98824
562.99014
562.99956
562.100957
562.98220
562.98337
562.98466
562.98823
562.99003
562.99962
562.100956
562.98214
562.98333
562.98471
562.98818
562.99251
562.100961
562.98194
562.98326
562.98447
562.98808
562.99235
562.99718
562.100275
562.100960
562.98219
562.98329
562.98468
562.98820
562.99237
562.99724
562.100278
562.98215
562.98628
562.98830
562.99242
562.100280
562.100939
562.98186
562.98325
562.98598
562.98793
562.99706
562.100265
562.100941
562.98193
562.98322
562.98605
562.99708
562.100264
562.100944
562.98195
562.98327
562.98617
562.98806
562.99932
562.100268
562.100947
562.98190
562.98449
562.98608
562.98814
562.99937
562.100951
562.98197
562.98336
562.98460
562.98615
562.99007
562.99016
562.99227
562.99709
562.99949
562.100272
562.100593
562.100952
562.99005
562.99232
562.99468
562.99711
562.99952
562.100271
562.100594
562.100955
562.99020
562.99230
562.99493
562.99719
562.99957
562.100274
562.100958
562.99011
562.99225
562.99500
562.99717
562.99964
562.100276
562.100595
562.100959
562.99002
562.99249
562.99325
562.99824
562.99816
562.100092
562.100600
562.100965
562.99009
562.99822
562.100104
562.100106
562.100404
562.99019
562.99240
562.97944
562.99823
562.98083
562.98489
562.100107
562.98651
562.100412
562.98850
562.100413
562.99042
562.100760
562.98949
562.97942
562.98081
562.99826
562.98490
562.100091
562.98649
562.100379
562.98845
562.100382
562.99047
562.100652
562.98904
562.99297
562.99553
562.97966
562.99818
562.98060
562.98476
562.100097
562.98626
562.98828
562.100384
562.99033
562.99081
562.97938
562.99304
562.98085
562.99554
562.98486
562.98629
562.99819
562.98833
562.100094
562.99029
562.100387
562.100674
562.97946
562.98093
562.99075
562.98484
562.99308
562.98643
562.99030
562.99820
562.100013
562.100391
562.100675
562.97945
562.99080
562.98090
562.99314
562.98488
562.99557
562.98646
562.99821
562.100103
562.100696
562.97943
562.98088
562.98487
562.98007
562.98644
562.99079
562.98836
562.98256
562.99035
562.98723
562.98926
562.98928
562.98089
562.98645
562.98013
562.98647
562.99083
562.98839
562.98261
562.98724
562.99036
562.98930
562.97950
562.98345
562.98018
562.98641
562.98146
562.98640
562.98263
562.98846
562.98725
562.99037
562.98912
562.98909
562.97951
562.98092
562.98021
562.98339
562.98142
562.98264
562.98642
562.98733
562.98924
562.98838
562.98913
562.99043
562.97941
562.98017
562.98091
562.98491
562.98156
562.98654
562.98279
562.98656
562.98842
562.98741
562.99039
562.98941
562.97947
562.98084
562.99137
562.98655
562.98837
562.99044
562.98035
562.99041
562.99026
562.98160
562.98283
562.98759
562.99488
562.99489
562.98963
562.99757
562.99148
562.99763
562.100028
562.99045
562.98161
562.99511
562.99762
562.99764
562.98285
562.99767
562.98765
562.100031
562.99046
562.98954
562.99153
562.99516
562.99766
562.98033
562.99765
562.98162
562.100030
562.98143
562.98736
562.99027
562.98743
562.98952
562.99481
562.99116
562.99483
562.99741
562.98022
562.98135
562.100007
562.98270
562.98746
562.100009
562.98935
562.99032
562.98931
562.99128
562.99487
562.99484
562.98025
562.99742
562.98148
562.99745
562.98268
562.100010
562.98745
562.100012
562.98944
562.99031
562.98946
562.99130
562.99496
562.99477
562.98015
562.99744
562.98151
562.100008
562.98750
562.100015
562.98943
562.98938
562.99134
562.99492
562.99482
562.98034
562.99747
562.99141
562.99748
562.98284
562.98744
562.100014
562.100019
562.98942
562.99253
562.99140
562.99139
562.99486
562.99144
562.99503
562.99749
562.99750
562.99619
562.100016
562.99620
562.99257
562.98154
562.99143
562.99145
562.99478
562.99361
562.99753
562.99752
562.99623
562.100017
562.99625
562.97949
562.98155
562.99147
562.99490
562.99495
562.99365
562.99751
562.99363
562.99755
562.99364
562.100024
562.99628
562.98841
562.99630
562.98158
562.99510
562.99157
562.99512
562.99370
562.99758
562.99373
562.99632
562.100020
562.99633
562.98832
562.98159
562.99156
562.99374
562.99514
562.99761
562.99644
562.100025
562.99592
562.99040
562.100026
562.98150
562.100310
562.100312
562.100313
562.100615
562.98260
562.99635
562.99561
562.99636
562.100093
562.100385
562.98157
562.99149
562.100392
562.99376
562.100704
562.99377
562.100710
562.99382
562.98262
562.99640
562.99564
562.100105
562.100405
562.98288
562.100406
562.100746
562.99392
562.99393
562.99650
562.99587
562.99566
562.99589
562.100108
562.98139
562.100407
562.98269
562.100758
562.100762
562.100763
562.98213
562.99825
562.99595
562.100011
562.100415
562.98147
562.100380
562.98271
562.100648
562.99129
562.100651
562.99346
562.100655
562.99354
562.99602
562.99815
562.100095
562.100381
562.98149
562.100383
562.98275
562.100663
562.99133
562.100658
562.100665
562.98404
562.99609
562.100098
562.99610
562.100096
562.100386
562.98152
562.100388
562.98274
562.100667
562.99138
562.100682
562.100680
562.98402
562.100100
562.99614
562.100099
562.99615
562.100390
562.100393
562.98153
562.100683
562.98282
562.100685
562.98276
562.100689
562.98409
562.98403
562.98408
562.100102
562.100101
562.98555
562.98749
562.98747
562.100698
562.98934
562.100701
562.98277
562.100699
562.98406
562.98542
562.98412
562.100397
562.98558
562.100398
562.98556
562.100399
562.98748
562.100401
562.98752
562.98958
562.98280
562.100711
562.98411
562.98011
562.98413
562.99085
562.98559
562.100400
562.98563
562.100402
562.98751
562.100403
562.98756
562.98961
562.100719
562.100722
562.98273
562.98134
562.98415
562.99313
562.98414
562.100724
562.98564
562.100410
562.98561
562.100409
562.98758
562.100411
562.98764
562.98964
562.100611
562.98281
562.98144
562.98417
562.99312
562.98422
562.100733
562.98586
562.98727
562.98639
562.98829
562.98020
562.98795
562.100736
562.100612
562.100737
562.98464
562.100738
562.98456
562.100739
562.98621
562.98914
562.98631
562.98635
562.98004
562.98819
562.100742
562.98821
562.100764
562.100657
562.98469
562.100668
562.98472
562.100687
562.98619
562.98923
562.98634
562.98633
562.100726
562.100735
562.98826
562.100743
562.98827
562.100745
562.100744
562.98478
562.98475
562.99086
562.98627
562.98019
562.100750
562.100753
562.98594
562.100756
562.98797
562.98799
562.100754
562.100755
562.100757
562.98440
562.98435
562.98016
562.98597
562.100761
562.98601
562.100770
562.98602
562.100765
562.98796
562.100649
562.98801
562.100647
562.99021
562.98434
562.98443
562.98604
562.98005
562.100654
562.98603
562.100653
562.98800
562.100660
562.100664
562.98802
562.100662
562.98803
562.100659
562.99000
562.98009
562.100670
562.98448
562.100669
562.98616
562.22782
562.23244
562.23267
562.23563
562.23560
562.22824
562.23245
562.23869
562.23807
562.23366
562.23529
562.22760
562.23536
562.23759
562.23232
562.22751
562.23866
562.23786
562.22690
562.23166
562.22662
562.22687
562.22988
562.23472
562.23510
562.22996
562.23771
562.22639
562.22741
562.22792
562.23044
562.22981
562.22780
562.22582
562.22791
562.23064
562.23165
562.23808
562.23285
562.23603
562.23630
562.23773
562.23088
562.23892
562.22599
562.22675
562.22743
562.22503
562.23788
562.22757
562.23216
562.23641
562.22464
562.22562
562.22997
562.23052
562.23800
562.23470
562.23391
562.23717
562.23721
562.23897
562.23878
562.23685
562.22522
562.22809
562.22608
562.23298
562.23290
562.23774
562.23906
562.23490
562.22796
562.23208
562.23431
562.22590
562.22699
562.22716
562.23825
562.22449
562.22763
562.23904
562.22466
562.22480
562.22453
562.22807
562.23004
562.23514
562.23582
562.22505
562.22930
562.23643
562.23142
562.23439
562.22921
562.23762
562.23138
562.23607
562.23728
562.23477
562.22487
562.22493
562.22580
562.22625
562.22654
562.22667
562.22678
562.22740
562.22795
562.22823
562.22945
562.23223
562.23263
562.23873
562.23318
562.23424
562.23824
562.23344
562.23360
562.23407
562.23557
562.23686
562.23665
562.23707
562.23780
562.23035
562.23036
562.22645
562.22731
562.22925
562.22993
562.23019
562.23522
562.22589
562.23787
562.23330
562.23364
562.22628
562.23576
562.22970
562.23368
562.22614
562.23177
562.22765
562.22913
562.22918
562.22920
562.23928
562.22942
562.23029
562.23078
562.23079
562.23098
562.23129
562.23170
562.23387
562.23530
562.23553
562.23373
562.23535
562.23562
562.23507
562.23765
562.23645
562.23888
562.23345
562.22527
562.22583
562.23233
562.23796
562.23486
562.23462
562.23837
562.22652
562.22749
562.23150
562.23126
562.23279
562.23484
562.23828
562.23699
562.23747
562.23749
562.23920
562.22875
562.23383
562.23184
562.23836
562.23288
562.23624
562.22431
562.23286
562.23859
562.23452
562.23734
562.22429
562.23134
562.23047
562.23682
562.22436
562.22521
562.23178
562.23406
562.23670
562.23827
562.23675
562.22511
562.22445
562.22612
562.22646
562.22691
562.22755
562.22876
562.22778
562.22814
562.22815
562.23023
562.23025
562.23326
562.23456
562.23328
562.23509
562.23614
562.23907
562.23848
562.22524
562.22532
562.22570
562.22627
562.22872
562.22825
562.23152
562.23030
562.23105
562.23175
562.23207
562.23861
562.23419
562.23547
562.23931
562.23882
562.23587
562.23635
562.22779
562.23453
562.22435
562.22461
562.22471
562.22473
562.22484
562.22485
562.22515
562.22544
562.22546
562.22548
562.22602
562.23854
562.22636
562.22672
562.22676
562.22688
562.22693
562.22735
562.22772
562.22785
562.22786
562.22929
562.23927
562.22989
562.23058
562.23060
562.23186
562.23246
562.23250
562.23264
562.23265
562.23278
562.23801
562.23420
562.23436
562.23440
562.23441
562.23467
562.23327
562.23341
562.23370
562.23390
562.23503
562.23521
562.23817
562.23525
562.23538
562.23862
562.23879
562.23831
562.23573
562.23600
562.23839
562.23612
562.23893
562.23616
562.23621
562.23626
562.23639
562.23648
562.23700
562.23723
562.23724
562.23898
562.23740
562.23902
562.23784
562.23014
562.22470
562.23589
562.22661
562.23613
562.22474
562.22489
562.22506
562.22609
562.23214
562.23227
562.23162
562.23268
562.23875
562.23312
562.23313
562.23423
562.23498
562.23442
562.23513
562.23924
562.23570
562.23585
562.23708
562.23761
562.23354
562.23880
562.23735
562.22510
562.22517
562.22698
562.22752
562.23137
562.23040
562.23051
562.23918
562.23627
562.23651
562.23698
562.22563
562.22576
562.22703
562.22726
562.22753
562.22801
562.22917
562.22926
562.22931
562.23015
562.23220
562.23274
562.23289
562.23324
562.23417
562.23552
562.23449
562.23378
562.23667
562.23672
562.23715
562.23843
562.22468
562.23213
562.22479
562.22567
562.22673
562.23205
562.23287
562.23658
562.23910
562.23447
562.23528
562.22457
562.22708
562.23076
562.23255
562.23499
562.23481
562.23384
562.23901
562.22433
562.22437
562.22447
562.22482
562.22490
562.22494
562.22549
562.22550
562.22558
562.22559
562.22573
562.22585
562.22604
562.22709
562.22711
562.22629
562.22649
562.22659
562.22666
562.22668
562.22705
562.22723
562.22729
562.22732
562.22736
562.22803
562.22804
562.22910
562.22948
562.22951
562.22955
562.22956
562.22991
562.22992
562.22998
562.23007
562.23048
562.23062
562.23075
562.23864
562.23856
562.23123
562.23128
562.23180
562.23193
562.23198
562.23202
562.23157
562.23217
562.23164
562.23236
562.23238
562.23242
562.23251
562.23252
562.23257
562.23803
562.23280
562.23301
562.23319
562.23479
562.23444
562.23333
562.23335
562.23339
562.23340
562.23517
562.23349
562.23352
562.23917
562.23504
562.23506
562.23512
562.23516
562.23518
562.23527
562.23414
562.23921
562.23564
562.23829
562.23611
562.23891
562.23620
562.23649
562.23652
562.23690
562.23847
562.23726
562.23731
562.23845
562.23748
562.23752
562.23755
562.23764
562.23163
562.22817
562.22633
562.22720
562.22495
562.22950
562.23438
562.23174
562.23469
562.23657
562.22746
562.22540
562.22663
562.23090
562.23241
562.23300
562.23915
562.23597
562.23655
562.23696
562.23711
562.23905
562.22664
562.22460
562.22476
562.22651
562.23826
562.23663
562.22607
562.23063
562.23362
562.23673
562.23712
562.22439
562.22568
562.22682
562.22877
562.22924
562.23010
562.23084
562.23224
562.23343
562.23381
562.23703
562.23680
562.23841
562.23776
562.22936
562.22508
562.22516
562.23005
562.23473
562.23367
562.22440
562.22442
562.22455
562.22465
562.22478
562.22483
562.22488
562.22491
562.22499
562.22514
562.22518
562.22536
562.22539
562.22551
562.22555
562.22561
562.22565
562.22588
562.22595
562.22596
562.22597
562.22601
562.22610
562.22611
562.22620
562.22622
562.22626
562.22630
562.22631
562.22635
562.22637
562.22642
562.22650
562.22670
562.22671
562.22680
562.22694
562.23792
562.23791
562.22718
562.22762
562.22766
562.22768
562.22773
562.22783
562.22784
562.22878
562.22879
562.22797
562.22806
562.22820
562.22821
562.22822
562.22960
562.23018
562.23028
562.23144
562.23032
562.23053
562.23061
562.23065
562.23066
562.23068
562.23074
562.23096
562.23100
562.23108
562.23112
562.23167
562.23172
562.23181
562.23191
562.23194
562.23199
562.23200
562.23212
562.23226
562.23229
562.23231
562.23235
562.23239
562.23248
562.23159
562.23793
562.23259
562.23261
562.23269
562.23282
562.23284
562.23297
562.23305
562.23306
562.23311
562.23321
562.23532
562.23493
562.23451
562.23501
562.23474
562.23478
562.23480
562.23483
562.23410
562.23487
562.23488
562.23393
562.23329
562.23336
562.23338
562.23347
562.23348
562.23359
562.23823
562.23375
562.23377
562.23860
562.23822
562.23395
562.23593
562.23571
562.23883
562.23820
562.23819
562.23832
562.23539
562.23881
562.23542
562.23413
562.23412
562.23551
562.23572
562.23830
562.23923
562.23566
562.23371
562.23508
562.23399
562.23401
562.23633
562.23610
562.23617
562.23623
562.23631
562.23642
562.23644
562.23653
562.23659
562.23664
562.23727
562.23900
562.23899
562.23738
562.23741
562.23844
562.23750
562.23895
562.23894
562.23911
562.23758
562.23760
562.23909
562.23850
562.23769
562.23849
562.22692
562.22643
562.23756
562.22428
562.22444
562.22446
562.22572
562.22613
562.22644
562.22683
562.22686
562.22812
562.23136
562.22922
562.22940
562.22973
562.23020
562.23146
562.23147
562.23033
562.23050
562.23085
562.23113
562.23182
562.23196
562.23211
562.23161
562.23805
562.23802
562.23308
562.23812
562.23811
562.23388
562.23602
562.23666
562.23687
562.23688
562.23739
562.23751
562.23777
562.22477
562.22529
562.22679
562.22954
562.22507
562.22520
562.22538
562.22564
562.22617
562.22632
562.22647
562.23867
562.22721
562.22727
562.22728
562.22737
562.22767
562.23935
562.22969
562.23148
562.23049
562.23067
562.23155
562.23192
562.23222
562.23270
562.23299
562.23496
562.23372
562.23450
562.23356
562.23357
562.23376
562.23550
562.23595
562.23601
562.23889
562.23647
562.23691
562.23725
562.23846
562.23896
562.23757
562.23569
562.23130
562.23555
562.23579
562.22658
562.22715
562.22771
562.23045
562.22980
562.22987
562.22994
562.23003
562.23026
562.23127
562.23179
562.23204
562.23455
562.23810
562.23361
562.23394
562.23537
562.23625
562.23638
562.23650
562.23668
562.23887
562.23903
562.23779
562.22451
562.22509
562.22513
562.22557
562.22566
562.22571
562.22593
562.22648
562.22730
562.22789
562.22805
562.22808
562.22938
562.23143
562.23087
562.23111
562.23122
562.23185
562.23154
562.23203
562.23240
562.23292
562.23446
562.23460
562.23492
562.23813
562.23809
562.23350
562.23374
562.23519
562.23605
562.23669
562.23852
562.22496
562.23006
562.23302
562.22776
562.22952
562.22990
562.23877
562.23253
562.23713
562.22434
562.22454
562.22919
562.22977
562.23002
562.23118
562.23225
562.23260
562.23296
562.23323
562.23445
562.23331
562.23676
562.23886
562.23853
562.23709
562.23511
562.22448
562.22621
562.22873
562.22725
562.22788
562.22928
562.22932
562.23008
562.23070
562.23121
562.23188
562.23933
562.23275
562.23430
562.23342
562.23545
562.23544
562.23588
562.23619
562.23629
562.23689
562.23693
562.23656
562.23834
562.23768
562.23772
562.23916
562.22450
562.22535
562.22553
562.22696
562.22742
562.22744
562.22826
562.22827
562.22912
562.22935
562.23001
562.23151
562.23039
562.23073
562.23124
562.23815
562.23363
562.23482
562.23475
562.23485
562.23408
562.23919
562.23540
562.23632
562.23634
562.23660
562.23674
562.23729
562.23730
562.22722
562.22923
562.23022
562.22591
562.23042
562.23197
562.22701
562.23385
562.22441
562.22443
562.22492
562.22497
562.22500
562.22502
562.22504
562.22519
562.22525
562.22528
562.22530
562.22537
562.22545
562.22552
562.22574
562.22579
562.22581
562.22587
562.22592
562.22594
562.22603
562.22606
562.22712
562.22615
562.22623
562.22624
562.22634
562.22638
562.22656
562.22684
562.22702
562.22704
562.22714
562.22738
562.22745
562.22759
562.22769
562.22774
562.22790
562.22800
562.22816
562.22818
562.22819
562.22911
562.22914
562.22916
562.22941
562.22943
562.22944
562.22949
562.22957
562.22959
562.22961
562.23936
562.22965
562.22967
562.22968
562.22974
562.22975
562.22978
562.22979
562.22983
562.22986
562.23000
562.23789
562.23009
562.23037
562.23038
562.23041
562.23069
562.23071
562.23072
562.23080
562.23086
562.23089
562.23091
562.23097
562.23103
562.23107
562.23797
562.23119
562.23183
562.23187
562.23201
562.23209
562.23218
562.23219
562.23230
562.23234
562.23156
562.23237
562.23243
562.23247
562.23249
562.23160
562.23266
562.23271
562.23291
562.23816
562.23309
562.23310
562.23421
562.23422
562.23426
562.23464
562.23471
562.23912
562.23489
562.23459
562.23334
562.23929
562.23358
562.23925
562.23578
562.23418
562.23502
562.23534
562.23533
562.23546
562.23411
562.23556
562.23561
562.23584
562.23598
562.23599
562.23683
562.23609
562.23890
562.23628
562.23778
562.23637
562.23871
562.23702
562.23677
562.23678
562.23679
562.23718
562.23720
562.23722
562.23736
562.23742
562.23744
562.23746
562.23754
562.23851
562.23908
562.23766
562.23767
562.23775
562.23885
562.23782
562.22430
562.22438
562.22526
562.22533
562.22569
562.22577
562.22641
562.22674
562.22748
562.22756
562.22777
562.22781
562.22946
562.22995
562.23043
562.23059
562.23081
562.23083
562.23095
562.23102
562.23210
562.23262
562.23304
562.23316
562.23320
562.23409
562.23934
562.23863
562.23549
562.23575
562.23586
562.23596
562.23704
562.23835
562.23701
562.23710
562.23732
562.23745
562.23380
562.22964
562.23382
562.23716
562.22584
562.23914
562.23221
562.23583
562.22512
562.22534
562.22706
562.22665
562.22681
562.22794
562.22798
562.22799
562.22939
562.22958
562.23016
562.23077
562.23115
562.23169
562.23228
562.23276
562.23277
562.23315
562.23427
562.23495
562.23500
562.23590
562.23838
562.23692
562.23654
562.23661
562.23671
562.22467
562.22598
562.22710
562.23027
562.23034
562.23082
562.23109
562.23876
562.23325
562.23386
562.23577
562.23604
562.23622
562.23662
562.23705
562.23131
562.23046
562.22999
562.23031
562.23206
562.23554
562.22462
562.23714
562.22713
562.23833
562.23857
562.23432
562.22452
562.22578
562.23012
562.23013
562.23017
562.23021
562.23149
562.23055
562.23785
562.23173
562.23176
562.23256
562.23389
562.23332
562.23541
562.23559
562.23694
562.23695
562.23842
562.23520
562.23429
562.22697
562.22810
562.22947
562.23283
562.23476
562.23531
562.23416
562.22605
562.22953
562.23303
562.23763
562.22719
562.23114
562.23168
562.23733
562.23346
562.22486
562.23581
562.23056
562.23190
562.22547
562.23568
562.22695
562.22734
562.22750
562.22966
562.22985
562.23132
562.23133
562.23057
562.23448
562.23402
562.23543
562.23415
562.23684
562.23437
562.23681
562.23781
562.23719
562.22542
562.22700
562.22463
562.23379
562.23922
562.23491
562.22556
562.22600
562.22724
562.22971
562.23872
562.23870
562.23606
562.23314
562.23317
562.23868
562.23840
562.23640
562.22927
562.23153
562.23353
562.23524
562.23636
562.22747
562.22458
562.22640
562.23790
562.22934
562.22982
562.23798
562.23465
562.22802
562.22937
562.23281
562.23433
562.23515
562.23608
562.23753
562.23443
562.22660
562.23497
562.22962
562.22531
562.23592
562.23468
562.23706
562.22775
562.22976
562.23054
562.23258
562.23770
562.22707
562.23591
562.23400
562.22498
562.22653
562.23855
562.23254
562.23322
562.22554
562.23930
562.96439
562.96431
562.96430
562.96434
562.96438
562.96435
562.96447
562.96458
562.96456
562.96448
562.96455
562.96450
562.96451
562.96452
562.96449
562.96471
562.96472
562.96478
562.96475
562.96474
562.96476
562.96481
562.96461
562.96463
562.96482
562.96486
562.96473
562.96477
562.96465
562.96470
562.96469
562.96468
562.96467
562.96501
562.96502
562.96500
562.96503
562.96505
562.96492
562.96493
562.96479
562.96487
562.96497
562.96483
562.96499
562.96498
562.96504
